{
 "cells": [
  {
   "cell_type": "code",
   "execution_count": 1,
   "metadata": {},
   "outputs": [],
   "source": [
    "from __future__ import print_function\n",
    "import random\n",
    "import torch\n",
    "import torch.nn as nn\n",
    "import torch.nn.parallel\n",
    "import torch.backends.cudnn as cudnn\n",
    "import torch.optim as optim\n",
    "import torch.utils.data\n",
    "import torchvision.datasets as dset\n",
    "import torchvision.transforms as transforms\n",
    "import torchvision.utils as vutils\n",
    "from torch.autograd import Variable\n",
    "import numpy as np\n",
    "from IPython.core.debugger import Tracer\n",
    "import matplotlib.pyplot as plt\n",
    "from torchvision import utils"
   ]
  },
  {
   "cell_type": "code",
   "execution_count": null,
   "metadata": {},
   "outputs": [],
   "source": [
    "def imshow(inp, save=False, title=None):\n",
    "    \"\"\"Imshow for Tensor.\"\"\"\n",
    "    fig = plt.figure(figsize=(5, 5))\n",
    "    inp = inp.numpy().transpose((1, 2, 0))\n",
    "    plt.imshow(inp,cmap='gray')\n",
    "    plt.show()"
   ]
  },
  {
   "cell_type": "code",
   "execution_count": 2,
   "metadata": {},
   "outputs": [],
   "source": [
    "class MLP_G(nn.Module):\n",
    "    def __init__(self, isize, nz, nc, ngf, ngpu):\n",
    "        super(MLP_G, self).__init__()\n",
    "        self.ngpu = ngpu\n",
    "\n",
    "        main = nn.Sequential(\n",
    "            # Z goes into a linear of size: ngf\n",
    "            nn.Linear(nz, ngf),\n",
    "            nn.ReLU(True),\n",
    "            nn.Linear(ngf, ngf),\n",
    "            nn.ReLU(True),\n",
    "            nn.Linear(ngf, ngf),\n",
    "            nn.ReLU(True),\n",
    "            nn.Linear(ngf, ngf),\n",
    "            nn.ReLU(True),\n",
    "            nn.Linear(ngf, ngf),\n",
    "            nn.ReLU(True),\n",
    "            nn.Linear(ngf, nc * isize * isize),\n",
    "        )\n",
    "        self.main = main\n",
    "        self.nc = nc\n",
    "        self.isize = isize\n",
    "        self.nz = nz\n",
    "\n",
    "    def forward(self, input):\n",
    "        input = input.view(input.size(0), input.size(1))\n",
    "        if isinstance(input.data, torch.cuda.FloatTensor) and self.ngpu > 1:\n",
    "            output = nn.parallel.data_parallel(self.main, input, range(self.ngpu))\n",
    "        else:\n",
    "            output = self.main(input)\n",
    "        return output.view(output.size(0), self.nc, self.isize, self.isize)"
   ]
  },
  {
   "cell_type": "code",
   "execution_count": 3,
   "metadata": {},
   "outputs": [],
   "source": [
    "class MLP_D(nn.Module):\n",
    "    def __init__(self, isize, nz, nc, ndf, ngpu):\n",
    "        super(MLP_D, self).__init__()\n",
    "        self.ngpu = ngpu\n",
    "\n",
    "        main = nn.Sequential(\n",
    "            # Z goes into a linear of size: ndf\n",
    "            nn.Linear(nc * isize * isize, ndf),\n",
    "            nn.ReLU(True),\n",
    "            nn.Linear(ndf, ndf),\n",
    "            nn.ReLU(True),\n",
    "            nn.Linear(ndf, ndf),\n",
    "            nn.ReLU(True),\n",
    "            nn.Linear(ndf, 1),\n",
    "        )\n",
    "        self.main = main\n",
    "        self.nc = nc\n",
    "        self.isize = isize\n",
    "        self.nz = nz\n",
    "\n",
    "    def forward(self, input):\n",
    "        input = input.view(input.size(0),\n",
    "                           input.size(1) * input.size(2) * input.size(3))\n",
    "        if isinstance(input.data, torch.cuda.FloatTensor) and self.ngpu > 1:\n",
    "            output = nn.parallel.data_parallel(self.main, input, range(self.ngpu))\n",
    "        else:\n",
    "            output = self.main(input)\n",
    "        output = output.mean(0)\n",
    "        return output.view(1)"
   ]
  },
  {
   "cell_type": "code",
   "execution_count": 4,
   "metadata": {},
   "outputs": [],
   "source": [
    "class DCGAN_D(nn.Module):\n",
    "    def __init__(self, isize, nz, nc, ndf, ngpu, n_extra_layers=0):\n",
    "        super(DCGAN_D, self).__init__()\n",
    "        self.ngpu = ngpu\n",
    "        assert isize % 16 == 0, \"isize has to be a multiple of 16\"\n",
    "\n",
    "        main = nn.Sequential()\n",
    "        # input is nc x isize x isize\n",
    "        main.add_module('initial.conv.{0}-{1}'.format(nc, ndf),\n",
    "                        nn.Conv2d(nc, ndf, 4, 2, 1, bias=False))\n",
    "        main.add_module('initial.relu.{0}'.format(ndf),\n",
    "                        nn.LeakyReLU(0.2, inplace=True))\n",
    "        csize, cndf = isize / 2, ndf\n",
    "\n",
    "        # Extra layers\n",
    "        for t in range(n_extra_layers):\n",
    "            main.add_module('extra-layers-{0}.{1}.conv'.format(t, cndf),\n",
    "                            nn.Conv2d(cndf, cndf, 3, 1, 1, bias=False))\n",
    "            main.add_module('extra-layers-{0}.{1}.batchnorm'.format(t, cndf),\n",
    "                            nn.BatchNorm2d(cndf))\n",
    "            main.add_module('extra-layers-{0}.{1}.relu'.format(t, cndf),\n",
    "                            nn.LeakyReLU(0.2, inplace=True))\n",
    "\n",
    "        while csize > 4:\n",
    "            in_feat = cndf\n",
    "            out_feat = cndf * 2\n",
    "            main.add_module('pyramid.{0}-{1}.conv'.format(in_feat, out_feat),\n",
    "                            nn.Conv2d(in_feat, out_feat, 4, 2, 1, bias=False))\n",
    "            main.add_module('pyramid.{0}.batchnorm'.format(out_feat),\n",
    "                            nn.BatchNorm2d(out_feat))\n",
    "            main.add_module('pyramid.{0}.relu'.format(out_feat),\n",
    "                            nn.LeakyReLU(0.2, inplace=True))\n",
    "            cndf = cndf * 2\n",
    "            csize = csize / 2\n",
    "\n",
    "        # state size. K x 4 x 4\n",
    "        main.add_module('final.{0}-{1}.conv'.format(cndf, 1),\n",
    "                        nn.Conv2d(cndf, 1, 4, 1, 0, bias=False))\n",
    "        self.main = main\n",
    "\n",
    "\n",
    "    def forward(self, input):\n",
    "        if isinstance(input.data, torch.cuda.FloatTensor) and self.ngpu > 1:\n",
    "            output = nn.parallel.data_parallel(self.main, input, range(self.ngpu))\n",
    "        else: \n",
    "            output = self.main(input)\n",
    "            \n",
    "        output = output.mean(0)\n",
    "        return output.view(1)"
   ]
  },
  {
   "cell_type": "code",
   "execution_count": 5,
   "metadata": {},
   "outputs": [],
   "source": [
    "class DCGAN_G(nn.Module):\n",
    "    def __init__(self, isize, nz, nc, ngf, ngpu, n_extra_layers=0):\n",
    "        super(DCGAN_G, self).__init__()\n",
    "        self.ngpu = ngpu\n",
    "        assert isize % 16 == 0, \"isize has to be a multiple of 16\"\n",
    "\n",
    "        cngf, tisize = ngf//2, 4\n",
    "        while tisize != isize:\n",
    "            cngf = cngf * 2\n",
    "            tisize = tisize * 2\n",
    "\n",
    "        main = nn.Sequential()\n",
    "        # input is Z, going into a convolution\n",
    "        main.add_module('initial.{0}-{1}.convt'.format(nz, cngf),\n",
    "                        nn.ConvTranspose2d(nz, cngf, 4, 1, 0, bias=False))\n",
    "        main.add_module('initial.{0}.batchnorm'.format(cngf),\n",
    "                        nn.BatchNorm2d(cngf))\n",
    "        main.add_module('initial.{0}.relu'.format(cngf),\n",
    "                        nn.ReLU(True))\n",
    "\n",
    "        csize, cndf = 4, cngf\n",
    "        while csize < isize//2:\n",
    "            main.add_module('pyramid.{0}-{1}.convt'.format(cngf, cngf//2),\n",
    "                            nn.ConvTranspose2d(cngf, cngf//2, 4, 2, 1, bias=False))\n",
    "            main.add_module('pyramid.{0}.batchnorm'.format(cngf//2),\n",
    "                            nn.BatchNorm2d(cngf//2))\n",
    "            main.add_module('pyramid.{0}.relu'.format(cngf//2),\n",
    "                            nn.ReLU(True))\n",
    "            cngf = cngf // 2\n",
    "            csize = csize * 2\n",
    "\n",
    "        # Extra layers\n",
    "        for t in range(n_extra_layers):\n",
    "            main.add_module('extra-layers-{0}.{1}.conv'.format(t, cngf),\n",
    "                            nn.Conv2d(cngf, cngf, 3, 1, 1, bias=False))\n",
    "            main.add_module('extra-layers-{0}.{1}.batchnorm'.format(t, cngf),\n",
    "                            nn.BatchNorm2d(cngf))\n",
    "            main.add_module('extra-layers-{0}.{1}.relu'.format(t, cngf),\n",
    "                            nn.ReLU(True))\n",
    "\n",
    "        main.add_module('final.{0}-{1}.convt'.format(cngf, nc),\n",
    "                        nn.ConvTranspose2d(cngf, nc, 4, 2, 1, bias=False))\n",
    "        main.add_module('final.{0}.tanh'.format(nc),\n",
    "                        nn.Tanh())\n",
    "        self.main = main\n",
    "\n",
    "    def forward(self, input):\n",
    "        if isinstance(input.data, torch.cuda.FloatTensor) and self.ngpu > 1:\n",
    "            output = nn.parallel.data_parallel(self.main, input, range(self.ngpu))\n",
    "        else: \n",
    "            output = self.main(input)\n",
    "        return output "
   ]
  },
  {
   "cell_type": "code",
   "execution_count": 41,
   "metadata": {},
   "outputs": [],
   "source": [
    "def sinkhorn_normalized(x,y,epsilon,n,niter):\n",
    "    x = x.view(x.size(0), x.size(1) * x.size(2) * x.size(3))\n",
    "    y = y.view(y.size(0), y.size(1) * y.size(2) * y.size(3))\n",
    "    Wxy = sinkhorn_loss(x,y,epsilon,n,niter)\n",
    "    Wxx = sinkhorn_loss(x,x,epsilon,n,niter)\n",
    "    Wyy = sinkhorn_loss(y,y,epsilon,n,niter)\n",
    "    return 2*Wxy - Wxx - Wyy \n",
    "\n",
    "def sinkhorn_loss(x,y,epsilon,n,niter) :\n",
    "    \n",
    "    \"\"\"\n",
    "    Given two emprical measures with n points each with locations x and y \n",
    "    outputs an approximation of the OT cost with regularization parameter epsilon\n",
    "    niter is the max. number of steps in sinkhorn loop\n",
    "    \"\"\"\n",
    "    # The Sinkhorn algorithm takes as input three variables :\n",
    "    C = cost_matrix(x, y) # Wasserstein cost function\n",
    "    # both marginals are fixed with equal weights\n",
    "    if torch.cuda.is_available():\n",
    "        mu = Variable(1./n*torch.cuda.FloatTensor(n).fill_(1),requires_grad=False) \n",
    "        nu = Variable(1./n*torch.cuda.FloatTensor(n).fill_(1),requires_grad=False)\n",
    "    else:\n",
    "        mu = Variable(1./n*torch.FloatTensor(n).fill_(1),requires_grad=False) \n",
    "        nu = Variable(1./n*torch.FloatTensor(n).fill_(1),requires_grad=False)\n",
    "    \n",
    "    # Parameters of the Sinkhorn algorithm.\n",
    "    rho                = 1 #(.5) **2          # unbalanced transport \n",
    "    tau                = -.8               # nesterov-like acceleration\n",
    "    lam = rho / (rho + epsilon)            # Update exponent\n",
    "    thresh = 10**(-1)                   # stopping criterion\n",
    "\n",
    "    # Elementary operations .....................................................................\n",
    "    def ave(u,u1) : \n",
    "        \"Barycenter subroutine, used by kinetic acceleration through extrapolation.\"\n",
    "        return tau * u + (1-tau) * u1 \n",
    "\n",
    "    def M(u,v)  : \n",
    "        \"Modified cost for logarithmic updates\"\n",
    "        \"$M_{ij} = (-c_{ij} + u_i + v_j) / \\epsilon$\"\n",
    "        return (-C + u.unsqueeze(1) + v.unsqueeze(0)) / epsilon\n",
    "\n",
    "    def lse(A) :\n",
    "        \"log-sum-exp\" \n",
    "        return torch.log(torch.exp(A).sum( 1, keepdim = True ) + 1e-6) # add 10^-6 to prevent NaN\n",
    "    \n",
    "    # Actual Sinkhorn loop ......................................................................\n",
    "    u,v,err = 0.*mu, 0.*nu, 0.\n",
    "    actual_nits = 0 # to check if algorithm terminates because of threshold or max iterations reached\n",
    "    \n",
    "    for i in range(niter) :\n",
    "        u1= u # useful to check the update\n",
    "        u =  epsilon * ( torch.log(mu) - lse(M(u,v)).squeeze() ) + u\n",
    "        v =  epsilon * ( torch.log(nu) - lse(M(u,v).t()).squeeze()) + v\n",
    "        # accelerated unbalanced iterations \n",
    "        #u = ave( u, lam * ( epsilon * ( torch.log(mu.unsqueeze(1)) - lse(M(u,v))   ) + u ) )\n",
    "        #v = ave( v, lam * ( epsilon * ( torch.log(nu.unsqueeze(1)) - lse(M(u,v).t()) ) + v ) )\n",
    "        err = (u - u1).abs().sum()\n",
    "\n",
    "        actual_nits += 1\n",
    "        if (err < thresh).data.cpu().numpy() :\n",
    "            break\n",
    "    U, V = u, v \n",
    "    pi = torch.exp( M(U,V) )            # Transport plan pi = diag(a)*K*diag(b)\n",
    "    cost  = torch.sum( pi * C )         # Sinkhorn cost\n",
    "    \n",
    "    return cost \n",
    "\n",
    "def cost_matrix(x, y,p=2) :\n",
    "    \"Returns the matrix of $|x_i-y_j|^p$.\"\n",
    "    x_col = x.unsqueeze(1) \n",
    "    y_lin = y.unsqueeze(0)\n",
    "    c = torch.sum( (torch.abs(x_col - y_lin))**p , 2) \n",
    "    return c "
   ]
  },
  {
   "cell_type": "code",
   "execution_count": 31,
   "metadata": {},
   "outputs": [],
   "source": [
    "ngpu = 1 # number of GPUs to use\n",
    "nz = 100 # size of the latent z vector\n",
    "ngf = 512\n",
    "ndf = 512\n",
    "nc = 1 # input image channels\n",
    "n_extra_layers = 0 # Number of extra layers on gen and disc\n",
    "\n",
    "imageSize = 28\n",
    "batchSize = 10\n",
    "n_workers = 2\n",
    "\n",
    "\n",
    "adam = False\n",
    "lrD = 0.00005\n",
    "lrG = 0.00005\n",
    "\n",
    "beta1 = 0.5 # beta1 for adam. default=0.5\n",
    "niter = 2 # number of epochs to train for\n",
    "Diters = 5 #number of D iters per each G iter\n",
    "\n",
    "\n",
    "\n",
    "clamp_lower = -0.01\n",
    "clamp_upper = 0.01\n",
    "\n",
    "experiment = './experiment' # Where to store samples and models\n",
    "\n",
    "epsilon = 1 # panalty weight\n",
    "L = 10 # sinkhorn iteration num\n",
    "\n",
    "netG_path = ''\n",
    "netD_path = ''"
   ]
  },
  {
   "cell_type": "code",
   "execution_count": 32,
   "metadata": {},
   "outputs": [],
   "source": [
    "# get data\n",
    "dataset = dset.MNIST(root='./data', download=True,\n",
    "                           transform=transforms.Compose([\n",
    "                               transforms.Scale(imageSize),\n",
    "                               transforms.ToTensor(),\n",
    "                               transforms.Normalize((0.5, 0.5, 0.5), (0.5, 0.5, 0.5)),\n",
    "                           ]))\n",
    "\n",
    "dataloader = torch.utils.data.DataLoader(dataset, batch_size=batchSize,\n",
    "                                         shuffle=True, num_workers=n_workers)"
   ]
  },
  {
   "cell_type": "code",
   "execution_count": 33,
   "metadata": {},
   "outputs": [],
   "source": [
    "# custom weights initialization called on netG and netD\n",
    "def weights_init(m):\n",
    "    classname = m.__class__.__name__\n",
    "    if classname.find('Conv') != -1:\n",
    "        m.weight.data.normal_(0.0, 0.02)\n",
    "    elif classname.find('BatchNorm') != -1:\n",
    "        m.weight.data.normal_(1.0, 0.02)\n",
    "        m.bias.data.fill_(0)"
   ]
  },
  {
   "cell_type": "code",
   "execution_count": 34,
   "metadata": {},
   "outputs": [
    {
     "name": "stdout",
     "output_type": "stream",
     "text": [
      "MLP_G (\n",
      "  (main): Sequential (\n",
      "    (0): Linear (100 -> 512)\n",
      "    (1): ReLU (inplace)\n",
      "    (2): Linear (512 -> 512)\n",
      "    (3): ReLU (inplace)\n",
      "    (4): Linear (512 -> 512)\n",
      "    (5): ReLU (inplace)\n",
      "    (6): Linear (512 -> 512)\n",
      "    (7): ReLU (inplace)\n",
      "    (8): Linear (512 -> 512)\n",
      "    (9): ReLU (inplace)\n",
      "    (10): Linear (512 -> 784)\n",
      "  )\n",
      ")\n"
     ]
    }
   ],
   "source": [
    "netG = MLP_G(imageSize, nz, nc, ngf, ngpu)\n",
    "\n",
    "\n",
    "netG.apply(weights_init)\n",
    "if netG_path != '': # load checkpoint if needed\n",
    "    netG.load_state_dict(torch.load(netG_path))\n",
    "print(netG)\n"
   ]
  },
  {
   "cell_type": "code",
   "execution_count": 35,
   "metadata": {},
   "outputs": [],
   "source": [
    "input = torch.FloatTensor(batchSize, 3, imageSize, imageSize)\n",
    "noise = torch.FloatTensor(batchSize, nz, 1, 1)\n",
    "fixed_noise = torch.FloatTensor(batchSize, nz, 1, 1).normal_(0, 1)\n",
    "one = torch.FloatTensor([1])\n",
    "mone = one * -1"
   ]
  },
  {
   "cell_type": "code",
   "execution_count": 36,
   "metadata": {},
   "outputs": [],
   "source": [
    "if torch.cuda.is_available():\n",
    "    netG.cuda()\n",
    "    netD.cuda()\n",
    "    input = input.cuda()\n",
    "    one, mone = one.cuda(), mone.cuda()\n",
    "    noise, fixed_noise = noise.cuda(), fixed_noise.cuda()"
   ]
  },
  {
   "cell_type": "code",
   "execution_count": 37,
   "metadata": {},
   "outputs": [],
   "source": [
    "if adam:\n",
    "    optimizerG = optim.Adam(netG.parameters(), lr=lrG, betas=(beta1, 0.999))\n",
    "else:\n",
    "    optimizerG = optim.RMSprop(netG.parameters(), lr = lrG)"
   ]
  },
  {
   "cell_type": "code",
   "execution_count": 42,
   "metadata": {
    "scrolled": true
   },
   "outputs": [
    {
     "name": "stdout",
     "output_type": "stream",
     "text": [
      "Variable containing:\n",
      "\n",
      "Columns 0 to 7 \n",
      " 751.9126  719.4751  711.1135  709.3954  747.6109  711.7903  738.4682  721.7276\n",
      " 751.9131  719.4752  711.1139  709.3956  747.6111  711.7905  738.4683  721.7280\n",
      " 751.9129  719.4748  711.1136  709.3953  747.6111  711.7904  738.4679  721.7276\n",
      " 751.9129  719.4750  711.1138  709.3955  747.6112  711.7905  738.4682  721.7278\n",
      " 751.9127  719.4750  711.1135  709.3954  747.6107  711.7901  738.4677  721.7276\n",
      " 751.9126  719.4750  711.1133  709.3951  747.6109  711.7903  738.4679  721.7275\n",
      " 751.9127  719.4752  711.1136  709.3954  747.6110  711.7908  738.4683  721.7277\n",
      " 751.9131  719.4753  711.1138  709.3956  747.6111  711.7903  738.4683  721.7280\n",
      " 751.9127  719.4749  711.1132  709.3953  747.6107  711.7901  738.4676  721.7272\n",
      " 751.9128  719.4748  711.1136  709.3955  747.6112  711.7906  738.4683  721.7276\n",
      "\n",
      "Columns 8 to 9 \n",
      " 728.8692  751.5826\n",
      " 728.8694  751.5831\n",
      " 728.8690  751.5831\n",
      " 728.8691  751.5829\n",
      " 728.8691  751.5826\n",
      " 728.8686  751.5826\n",
      " 728.8693  751.5828\n",
      " 728.8693  751.5831\n",
      " 728.8690  751.5826\n",
      " 728.8689  751.5831\n",
      "[torch.FloatTensor of size 10x10]\n",
      "\n",
      "Variable containing:\n",
      "1.00000e-08 *\n",
      "  0.0000  3.7054  4.8574  6.0455  4.3470  4.4375  4.6291  4.2990  6.6128  4.1030\n",
      "  3.7054  0.0000  4.3842  4.3056  3.2720  5.2843  3.6660  3.4632  3.9195  3.4384\n",
      "  4.8574  4.3842  0.0000  3.8384  3.8947  3.4542  5.3030  3.5506  5.3864  3.6709\n",
      "  6.0455  4.3056  3.8384  0.0000  5.5528  4.6602  4.9347  5.6926  6.9539  3.8026\n",
      "  4.3470  3.2720  3.8947  5.5528  0.0000  5.3195  4.0882  4.1727  3.4619  4.6452\n",
      "  4.4375  5.2843  3.4542  4.6602  5.3195  0.0000  4.7612  4.6022  7.5186  4.3571\n",
      "  4.6291  3.6660  5.3030  4.9347  4.0882  4.7612  0.0000  5.4407  5.9313  3.8528\n",
      "  4.2990  3.4632  3.5506  5.6926  4.1727  4.6022  5.4407  0.0000  6.9352  4.0735\n",
      "  6.6128  3.9195  5.3864  6.9539  3.4619  7.5186  5.9313  6.9352  0.0000  5.9745\n",
      "  4.1030  3.4384  3.6709  3.8026  4.6452  4.3571  3.8528  4.0735  5.9745  0.0000\n",
      "[torch.FloatTensor of size 10x10]\n",
      "\n",
      "Variable containing:\n",
      "\n",
      "Columns 0 to 7 \n",
      "   0.0000  261.4117  478.3286  384.8019  264.4023  352.5833  248.2537  393.1277\n",
      " 261.4117    0.0000  547.6299  393.6350  342.8024  455.4285  334.7175  360.0567\n",
      " 478.3286  547.6299    0.0000  563.7119  504.1253  538.4901  502.5114  339.8503\n",
      " 384.8019  393.6350  563.7119    0.0000  446.0208  615.0679  396.9754  498.0324\n",
      " 264.4023  342.8024  504.1253  446.0208    0.0000  434.2563  263.0818  318.2479\n",
      " 352.5833  455.4285  538.4901  615.0679  434.2563    0.0000  460.5766  526.5306\n",
      " 248.2537  334.7175  502.5114  396.9754  263.0818  460.5766    0.0000  427.2597\n",
      " 393.1277  360.0567  339.8503  498.0324  318.2479  526.5306  427.2597    0.0000\n",
      " 267.6109  234.6199  526.8870  411.5572  266.3282  427.4955  264.7158  338.7626\n",
      " 165.9912  300.9296  492.2779  387.1962  127.3673  422.6583  169.3851  338.7446\n",
      "\n",
      "Columns 8 to 9 \n",
      " 267.6109  165.9912\n",
      " 234.6199  300.9296\n",
      " 526.8870  492.2779\n",
      " 411.5572  387.1962\n",
      " 266.3282  127.3673\n",
      " 427.4955  422.6583\n",
      " 264.7158  169.3851\n",
      " 338.7626  338.7446\n",
      "   0.0000  243.5464\n",
      " 243.5464    0.0000\n",
      "[torch.FloatTensor of size 10x10]\n",
      "\n",
      "[0/2][0/6000][1] Sinkhorn_Loss: -0.000000\n",
      "Variable containing:\n",
      "\n",
      "Columns 0 to 7 \n",
      " 728.9251  719.3444  728.3130  716.3287  744.0875  707.7386  712.8370  753.4999\n",
      " 728.9255  719.3447  728.3132  716.3289  744.0876  707.7389  712.8372  753.5002\n",
      " 728.9255  719.3447  728.3132  716.3289  744.0876  707.7387  712.8370  753.5002\n",
      " 728.9254  719.3447  728.3130  716.3290  744.0874  707.7388  712.8372  753.5003\n",
      " 728.9261  719.3452  728.3137  716.3293  744.0880  707.7394  712.8376  753.5008\n",
      " 728.9256  719.3451  728.3135  716.3293  744.0876  707.7389  712.8374  753.5004\n",
      " 728.9258  719.3450  728.3136  716.3289  744.0873  707.7388  712.8373  753.5003\n",
      " 728.9255  719.3447  728.3130  716.3293  744.0874  707.7390  712.8371  753.5002\n",
      " 728.9259  719.3453  728.3134  716.3293  744.0879  707.7393  712.8375  753.5008\n",
      " 728.9258  719.3449  728.3134  716.3290  744.0877  707.7389  712.8372  753.5004\n",
      "\n",
      "Columns 8 to 9 \n",
      " 723.5366  717.6703\n",
      " 723.5367  717.6705\n",
      " 723.5367  717.6705\n",
      " 723.5366  717.6708\n",
      " 723.5371  717.6712\n",
      " 723.5369  717.6707\n",
      " 723.5366  717.6704\n",
      " 723.5369  717.6709\n",
      " 723.5366  717.6711\n",
      " 723.5367  717.6705\n",
      "[torch.FloatTensor of size 10x10]\n",
      "\n",
      "Variable containing:\n",
      "1.00000e-08 *\n",
      "  0.0000  3.8483  4.9671  4.5518  5.9765  5.0466  3.9833  5.7820  6.2377  4.2016\n",
      "  3.8483  0.0000  4.5770  3.7241  4.6889  3.9984  3.3940  5.7767  6.1226  5.7443\n",
      "  4.9671  4.5770  0.0000  3.7085  3.4413  3.5187  3.5664  3.5126  3.6131  2.7598\n",
      "  4.5518  3.7241  3.7085  0.0000  5.1270  2.8693  3.7181  3.4650  4.5422  4.2835\n",
      "  5.9765  4.6889  3.4413  5.1270  0.0000  4.6759  3.9919  4.2776  3.7682  3.9850\n",
      "  5.0466  3.9984  3.5187  2.8693  4.6759  0.0000  3.7001  3.5205  4.5834  4.2148\n",
      "  3.9833  3.3940  3.5664  3.7181  3.9919  3.7001  0.0000  5.0530  5.3473  4.6483\n",
      "  5.7820  5.7767  3.5126  3.4650  4.2776  3.5205  5.0530  0.0000  4.4965  4.1248\n",
      "  6.2377  6.1226  3.6131  4.5422  3.7682  4.5834  5.3473  4.4965  0.0000  2.6338\n",
      "  4.2016  5.7443  2.7598  4.2835  3.9850  4.2148  4.6483  4.1248  2.6338  0.0000\n",
      "[torch.FloatTensor of size 10x10]\n",
      "\n",
      "Variable containing:\n",
      "\n",
      "Columns 0 to 7 \n",
      "   0.0000  281.8183  364.1265  370.5145  433.8419  382.2882  390.7482  274.9583\n",
      " 281.8183    0.0000  226.5323  342.3632  283.0173  295.3031  262.8944  240.9871\n",
      " 364.1265  226.5323    0.0000  463.2901  341.8745  379.8895  188.8414  349.8648\n",
      " 370.5145  342.3632  463.2901    0.0000  455.4936  387.3335  464.5428  370.8284\n",
      " 433.8419  283.0173  341.8745  455.4936    0.0000  331.2129  352.1833  302.6790\n",
      " 382.2882  295.3031  379.8895  387.3335  331.2129    0.0000  363.7923  232.7587\n",
      " 390.7482  262.8944  188.8414  464.5428  352.1833  363.7923    0.0000  311.0185\n",
      " 274.9583  240.9871  349.8648  370.8284  302.6790  232.7587  311.0185    0.0000\n",
      " 445.9577  387.0812  295.4279  480.2902  365.7905  351.6761  293.0691  350.3173\n",
      " 478.3241  311.9753  355.1691  379.7709  390.0604  281.2102  339.7261  362.2818\n",
      "\n",
      "Columns 8 to 9 \n",
      " 445.9577  478.3241\n",
      " 387.0812  311.9753\n",
      " 295.4279  355.1691\n",
      " 480.2902  379.7709\n",
      " 365.7905  390.0604\n",
      " 351.6761  281.2102\n",
      " 293.0691  339.7261\n",
      " 350.3173  362.2818\n",
      "   0.0000  306.4813\n",
      " 306.4813    0.0000\n",
      "[torch.FloatTensor of size 10x10]\n",
      "\n",
      "[0/2][1/6000][2] Sinkhorn_Loss: -0.000000\n",
      "Variable containing:\n",
      "\n",
      "Columns 0 to 7 \n",
      " 730.5707  717.5186  730.4701  725.5347  740.5679  756.2349  729.2664  716.7838\n",
      " 730.5708  717.5187  730.4700  725.5347  740.5679  756.2349  729.2664  716.7836\n",
      " 730.5704  717.5180  730.4697  725.5341  740.5675  756.2346  729.2661  716.7834\n",
      " 730.5712  717.5191  730.4709  725.5350  740.5684  756.2350  729.2667  716.7839\n",
      " 730.5711  717.5187  730.4703  725.5345  740.5681  756.2350  729.2667  716.7837\n",
      " 730.5709  717.5187  730.4703  725.5347  740.5679  756.2349  729.2666  716.7839\n",
      " 730.5710  717.5186  730.4703  725.5346  740.5680  756.2350  729.2662  716.7839\n",
      " 730.5708  717.5188  730.4702  725.5343  740.5678  756.2349  729.2665  716.7839\n",
      " 730.5710  717.5182  730.4700  725.5345  740.5677  756.2347  729.2662  716.7838\n",
      " 730.5703  717.5182  730.4697  725.5342  740.5677  756.2346  729.2659  716.7836\n",
      "\n",
      "Columns 8 to 9 \n",
      " 726.0957  730.3279\n",
      " 726.0955  730.3276\n",
      " 726.0953  730.3270\n",
      " 726.0961  730.3280\n",
      " 726.0957  730.3279\n",
      " 726.0958  730.3278\n",
      " 726.0956  730.3276\n",
      " 726.0954  730.3282\n",
      " 726.0955  730.3273\n",
      " 726.0954  730.3271\n",
      "[torch.FloatTensor of size 10x10]\n",
      "\n",
      "Variable containing:\n",
      "1.00000e-08 *\n",
      "  0.0000  3.8652  4.7684  5.9094  5.3764  4.3020  4.3313  5.1998  4.3502  5.0340\n",
      "  3.8652  0.0000  3.2538  5.0079  4.3578  3.5674  2.8581  4.6385  4.0274  5.1547\n",
      "  4.7684  3.2538  0.0000  4.8821  4.1914  3.9870  3.8791  5.5327  3.0073  4.4429\n",
      "  5.9094  5.0079  4.8821  0.0000  5.7810  5.3636  4.0471  5.1028  6.0284  4.4955\n",
      "  5.3764  4.3578  4.1914  5.7810  0.0000  3.4389  4.8726  3.8157  4.7451  4.5385\n",
      "  4.3020  3.5674  3.9870  5.3636  3.4389  0.0000  3.8614  4.5467  4.3621  4.8919\n",
      "  4.3313  2.8581  3.8791  4.0471  4.8726  3.8614  0.0000  4.2720  4.7154  5.7325\n",
      "  5.1998  4.6385  5.5327  5.1028  3.8157  4.5467  4.2720  0.0000  5.3688  4.6316\n",
      "  4.3502  4.0274  3.0073  6.0284  4.7451  4.3621  4.7154  5.3688  0.0000  4.4107\n",
      "  5.0340  5.1547  4.4429  4.4955  4.5385  4.8919  5.7325  4.6316  4.4107  0.0000\n",
      "[torch.FloatTensor of size 10x10]\n",
      "\n",
      "Variable containing:\n",
      "\n",
      "Columns 0 to 7 \n",
      "   0.0000  448.2357  206.1250  241.3459  238.6956  328.9199  668.1334  396.6577\n",
      " 448.2357    0.0000  394.9077  411.7419  367.9458  388.6473  571.5081  392.5409\n",
      " 206.1250  394.9077    0.0000  265.7585  198.4536  289.1256  681.2108  321.0534\n",
      " 241.3459  411.7419  265.7585    0.0000  202.8248  239.9830  556.4218  388.0102\n",
      " 238.6956  367.9458  198.4536  202.8248    0.0000  193.0678  658.9435  354.0305\n",
      " 328.9199  388.6473  289.1256  239.9830  193.0678    0.0000  740.2037  304.8854\n",
      " 668.1334  571.5081  681.2108  556.4218  658.9435  740.2037    0.0000  679.7145\n",
      " 396.6577  392.5409  321.0534  388.0102  354.0305  304.8854  679.7145    0.0000\n",
      " 344.3204  358.9628  381.6234  388.8938  356.3320  397.1020  714.9453  346.4852\n",
      " 398.0331  307.9865  358.0655  312.7603  312.7834  291.6195  588.2674  445.8559\n",
      "\n",
      "Columns 8 to 9 \n",
      " 344.3204  398.0331\n",
      " 358.9628  307.9865\n",
      " 381.6234  358.0655\n",
      " 388.8938  312.7603\n",
      " 356.3320  312.7834\n",
      " 397.1020  291.6195\n",
      " 714.9453  588.2674\n",
      " 346.4852  445.8559\n",
      "   0.0000  462.9985\n",
      " 462.9985    0.0000\n",
      "[torch.FloatTensor of size 10x10]\n",
      "\n",
      "[0/2][2/6000][3] Sinkhorn_Loss: -0.000000\n",
      "Variable containing:\n",
      "\n",
      "Columns 0 to 7 \n",
      " 722.4152  732.1606  708.0078  715.9415  742.6801  721.2903  718.5823  746.5510\n",
      " 722.4152  732.1607  708.0079  715.9413  742.6804  721.2903  718.5816  746.5510\n",
      " 722.4151  732.1607  708.0078  715.9416  742.6803  721.2903  718.5819  746.5511\n",
      " 722.4160  732.1613  708.0087  715.9423  742.6808  721.2909  718.5826  746.5518\n",
      " 722.4152  732.1605  708.0078  715.9413  742.6802  721.2903  718.5820  746.5508\n",
      " 722.4156  732.1608  708.0082  715.9418  742.6805  721.2906  718.5823  746.5511\n",
      " 722.4154  732.1607  708.0081  715.9418  742.6805  721.2902  718.5820  746.5508\n",
      " 722.4152  732.1607  708.0079  715.9415  742.6802  721.2900  718.5822  746.5510\n",
      " 722.4155  732.1614  708.0087  715.9421  742.6807  721.2908  718.5823  746.5516\n",
      " 722.4153  732.1609  708.0079  715.9415  742.6804  721.2905  718.5818  746.5513\n",
      "\n",
      "Columns 8 to 9 \n",
      " 728.0350  717.8519\n",
      " 728.0347  717.8518\n",
      " 728.0349  717.8521\n",
      " 728.0356  717.8525\n",
      " 728.0349  717.8517\n",
      " 728.0349  717.8520\n",
      " 728.0348  717.8517\n",
      " 728.0349  717.8518\n",
      " 728.0352  717.8521\n",
      " 728.0350  717.8519\n",
      "[torch.FloatTensor of size 10x10]\n",
      "\n",
      "Variable containing:\n",
      "1.00000e-08 *\n",
      "  0.0000  5.5730  3.1706  4.2645  4.0647  4.1092  3.3214  3.7783  4.6014  3.1522\n",
      "  5.5730  0.0000  4.7301  3.3576  4.0861  4.8212  3.8238  5.0770  4.0871  2.7184\n",
      "  3.1706  4.7301  0.0000  3.7067  3.9369  3.4809  3.2023  3.9110  3.5865  2.9906\n",
      "  4.2645  3.3576  3.7067  0.0000  4.4186  3.7841  3.0169  3.3544  2.7378  3.0885\n",
      "  4.0647  4.0861  3.9369  4.4186  0.0000  3.4961  2.5350  3.9282  4.7843  2.7748\n",
      "  4.1092  4.8212  3.4809  3.7841  3.4961  0.0000  3.1533  3.8914  4.0007  3.1699\n",
      "  3.3214  3.8238  3.2023  3.0169  2.5350  3.1533  0.0000  3.2443  4.4265  2.8323\n",
      "  3.7783  5.0770  3.9110  3.3544  3.9282  3.8914  3.2443  0.0000  3.6888  3.1389\n",
      "  4.6014  4.0871  3.5865  2.7378  4.7843  4.0007  4.4265  3.6888  0.0000  3.4138\n",
      "  3.1522  2.7184  2.9906  3.0885  2.7748  3.1699  2.8323  3.1389  3.4138  0.0000\n",
      "[torch.FloatTensor of size 10x10]\n",
      "\n",
      "Variable containing:\n",
      "\n",
      "Columns 0 to 7 \n",
      "   0.0000  369.3650  618.7820  370.1972  343.1549  488.1833  308.7311  445.0136\n",
      " 369.3650    0.0000  499.2319  324.4030  190.4484  342.6482  453.4852  302.9288\n",
      " 618.7820  499.2319    0.0000  401.3105  472.5015  467.1688  495.6552  464.9451\n",
      " 370.1972  324.4030  401.3105    0.0000  325.0822  422.5580  458.5419  424.6183\n",
      " 343.1549  190.4484  472.5015  325.0822    0.0000  370.8864  406.4828  331.7668\n",
      " 488.1833  342.6482  467.1688  422.5580  370.8864    0.0000  507.8828  232.4325\n",
      " 308.7311  453.4852  495.6552  458.5419  406.4828  507.8828    0.0000  481.9733\n",
      " 445.0136  302.9288  464.9451  424.6183  331.7668  232.4325  481.9733    0.0000\n",
      " 418.1912  397.6835  532.5882  408.7576  365.4839  366.3496  369.2879  341.7583\n",
      " 605.0885  549.1822  701.9524  550.3330  627.8554  471.0845  557.3508  596.6650\n",
      "\n",
      "Columns 8 to 9 \n",
      " 418.1912  605.0885\n",
      " 397.6835  549.1822\n",
      " 532.5882  701.9524\n",
      " 408.7576  550.3330\n",
      " 365.4839  627.8554\n",
      " 366.3496  471.0845\n",
      " 369.2879  557.3508\n",
      " 341.7583  596.6650\n",
      "   0.0000  576.8282\n",
      " 576.8282    0.0000\n",
      "[torch.FloatTensor of size 10x10]\n",
      "\n"
     ]
    },
    {
     "name": "stdout",
     "output_type": "stream",
     "text": [
      "[0/2][3/6000][4] Sinkhorn_Loss: -0.000000\n",
      "Variable containing:\n",
      "\n",
      "Columns 0 to 7 \n",
      " 749.7754  752.7036  716.2164  726.0512  731.4614  735.2424  709.4853  723.1426\n",
      " 749.7755  752.7037  716.2161  726.0510  731.4613  735.2422  709.4850  723.1423\n",
      " 749.7755  752.7038  716.2163  726.0513  731.4615  735.2428  709.4853  723.1428\n",
      " 749.7754  752.7035  716.2159  726.0510  731.4614  735.2422  709.4852  723.1425\n",
      " 749.7762  752.7043  716.2167  726.0515  731.4617  735.2428  709.4855  723.1430\n",
      " 749.7759  752.7040  716.2161  726.0511  731.4616  735.2424  709.4855  723.1425\n",
      " 749.7756  752.7038  716.2161  726.0511  731.4618  735.2426  709.4854  723.1426\n",
      " 749.7755  752.7035  716.2156  726.0508  731.4611  735.2419  709.4849  723.1422\n",
      " 749.7762  752.7042  716.2167  726.0516  731.4617  735.2427  709.4854  723.1428\n",
      " 749.7756  752.7041  716.2166  726.0515  731.4615  735.2429  709.4856  723.1431\n",
      "\n",
      "Columns 8 to 9 \n",
      " 717.1631  729.7238\n",
      " 717.1629  729.7239\n",
      " 717.1632  729.7242\n",
      " 717.1629  729.7239\n",
      " 717.1633  729.7245\n",
      " 717.1631  729.7245\n",
      " 717.1634  729.7241\n",
      " 717.1627  729.7236\n",
      " 717.1635  729.7246\n",
      " 717.1637  729.7245\n",
      "[torch.FloatTensor of size 10x10]\n",
      "\n",
      "Variable containing:\n",
      "1.00000e-08 *\n",
      "  0.0000  4.2165  5.1478  5.9637  3.7677  6.1253  4.3262  4.9271  5.6207  5.4687\n",
      "  4.2165  0.0000  4.6934  5.8741  3.7259  5.3684  2.5159  4.0389  4.5171  5.0800\n",
      "  5.1478  4.6934  0.0000  4.7551  5.1647  4.6242  3.4170  4.1192  5.5526  3.8649\n",
      "  5.9637  5.8741  4.7551  0.0000  7.5612  4.8045  4.8299  3.9963  6.8705  4.3921\n",
      "  3.7677  3.7259  5.1647  7.5612  0.0000  4.6096  4.7104  4.8620  3.1731  6.2281\n",
      "  6.1253  5.3684  4.6242  4.8045  4.6096  0.0000  5.0277  4.1564  3.8644  5.8452\n",
      "  4.3262  2.5159  3.4170  4.8299  4.7104  5.0277  0.0000  3.3046  4.4418  4.8135\n",
      "  4.9271  4.0389  4.1192  3.9963  4.8620  4.1564  3.3046  0.0000  4.4575  5.2642\n",
      "  5.6207  4.5171  5.5526  6.8705  3.1731  3.8644  4.4418  4.4575  0.0000  6.8048\n",
      "  5.4687  5.0800  3.8649  4.3921  6.2281  5.8452  4.8135  5.2642  6.8048  0.0000\n",
      "[torch.FloatTensor of size 10x10]\n",
      "\n",
      "Variable containing:\n",
      "\n",
      "Columns 0 to 7 \n",
      "   0.0000  142.8240  499.1798  267.1583  293.8791  379.6299  379.2111  325.6582\n",
      " 142.8240    0.0000  489.8966  242.0873  341.5981  361.6430  363.7745  343.7019\n",
      " 499.1798  489.8966    0.0000  389.2876  473.2782  356.3030  492.6530  480.4660\n",
      " 267.1583  242.0873  389.2876    0.0000  277.2984  207.2912  260.5190  239.1114\n",
      " 293.8791  341.5981  473.2782  277.2984    0.0000  380.4107  325.8475  346.8680\n",
      " 379.6299  361.6430  356.3030  207.2912  380.4107    0.0000  313.0925  341.7673\n",
      " 379.2111  363.7745  492.6530  260.5190  325.8475  313.0925    0.0000  370.3058\n",
      " 325.6582  343.7019  480.4660  239.1114  346.8680  341.7673  370.3058    0.0000\n",
      " 543.7875  539.8088  436.8258  361.7836  399.9930  255.1400  305.8499  395.9020\n",
      " 471.6764  454.8908  725.5582  420.0460  452.2153  527.7274  436.6537  408.7363\n",
      "\n",
      "Columns 8 to 9 \n",
      " 543.7875  471.6764\n",
      " 539.8088  454.8908\n",
      " 436.8258  725.5582\n",
      " 361.7836  420.0460\n",
      " 399.9930  452.2153\n",
      " 255.1400  527.7274\n",
      " 305.8499  436.6537\n",
      " 395.9020  408.7363\n",
      "   0.0000  495.0265\n",
      " 495.0265    0.0000\n",
      "[torch.FloatTensor of size 10x10]\n",
      "\n",
      "[0/2][4/6000][5] Sinkhorn_Loss: -0.000000\n",
      "Variable containing:\n",
      "\n",
      "Columns 0 to 7 \n",
      " 735.1799  731.6941  731.7827  719.4127  733.5326  710.9452  703.0187  716.6385\n",
      " 735.1799  731.6940  731.7826  719.4125  733.5325  710.9453  703.0189  716.6385\n",
      " 735.1804  731.6943  731.7827  719.4130  733.5330  710.9453  703.0189  716.6388\n",
      " 735.1802  731.6939  731.7823  719.4125  733.5325  710.9454  703.0190  716.6384\n",
      " 735.1797  731.6937  731.7822  719.4119  733.5322  710.9446  703.0185  716.6386\n",
      " 735.1800  731.6942  731.7825  719.4124  733.5326  710.9454  703.0187  716.6383\n",
      " 735.1799  731.6940  731.7823  719.4123  733.5327  710.9451  703.0186  716.6387\n",
      " 735.1802  731.6943  731.7828  719.4130  733.5328  710.9454  703.0192  716.6391\n",
      " 735.1798  731.6942  731.7826  719.4128  733.5327  710.9455  703.0190  716.6388\n",
      " 735.1797  731.6935  731.7820  719.4124  733.5322  710.9449  703.0185  716.6381\n",
      "\n",
      "Columns 8 to 9 \n",
      " 717.5036  751.7286\n",
      " 717.5035  751.7285\n",
      " 717.5042  751.7290\n",
      " 717.5038  751.7291\n",
      " 717.5031  751.7283\n",
      " 717.5038  751.7287\n",
      " 717.5040  751.7288\n",
      " 717.5039  751.7286\n",
      " 717.5039  751.7288\n",
      " 717.5034  751.7285\n",
      "[torch.FloatTensor of size 10x10]\n",
      "\n",
      "Variable containing:\n",
      "1.00000e-07 *\n",
      "  0.0000  0.3272  0.3822  0.3323  0.6937  0.3473  0.3835  0.3929  0.3466  0.4385\n",
      "  0.3272  0.0000  0.3691  0.4398  0.5542  0.3889  0.3488  0.2878  0.3831  0.5090\n",
      "  0.3822  0.3691  0.0000  0.5182  0.6552  0.4194  0.3203  0.3847  0.4392  0.4762\n",
      "  0.3323  0.4398  0.5182  0.0000  0.7988  0.4095  0.4578  0.5996  0.4432  0.4747\n",
      "  0.6937  0.5542  0.6552  0.7988  0.0000  0.6607  0.6189  0.6195  0.7883  1.0126\n",
      "  0.3473  0.3889  0.4194  0.4095  0.6607  0.0000  0.2844  0.5474  0.3553  0.6281\n",
      "  0.3835  0.3488  0.3203  0.4578  0.6189  0.2844  0.0000  0.4745  0.3734  0.5177\n",
      "  0.3929  0.2878  0.3847  0.5996  0.6195  0.5474  0.4745  0.0000  0.4147  0.5298\n",
      "  0.3466  0.3831  0.4392  0.4432  0.7883  0.3553  0.3734  0.4147  0.0000  0.4235\n",
      "  0.4385  0.5090  0.4762  0.4747  1.0126  0.6281  0.5177  0.5298  0.4235  0.0000\n",
      "[torch.FloatTensor of size 10x10]\n",
      "\n",
      "Variable containing:\n",
      "\n",
      "Columns 0 to 7 \n",
      "   0.0000  306.5507  444.6983  344.4209  376.8533  489.4267  592.8284  461.4033\n",
      " 306.5507    0.0000  309.9448  238.0591  264.8022  500.6337  622.7747  361.5325\n",
      " 444.6983  309.9448    0.0000  286.3271  356.0251  364.5472  612.5371  330.5471\n",
      " 344.4209  238.0591  286.3271    0.0000  280.3794  458.3606  564.7743  334.1917\n",
